42
70
66
69
32
5
42
97
17
31
59
19
33
66
32
75
35
79
94
78
1
29
29
60
9
99
38
18
41
53
15
38
96
55
60
86
16
41
45
17
55
73
22
19
21
58
45
19
66
89
42
66
47
44
7
18
13
2
68
25
63
93
24
71
66
58
23
63
28
81
37
84
5
3
42
92
20
100
23
65
28
98
39
34
58
87
16
99
69
4
99
38
18
99
85
31
92
44
11
26
63
90
35
16
77
38
50
70
66
28
99
68
58
44
38
50
93
24
51
100
56
81
71
76
81
6
87
64
14
82
65
36
64
99
51
27
88
47
24
90
81
83
67
23
95
39
19
87
50
38
17
61
66
43
3
54
76
75
32
55
14
66
42
99
21
18
100
61
60
59
25
28
45
56
83
98
7
25
61
35
74
86
92
99
39
76
86
84
48
7
17
66
50
66
55
6
95
55
12
46
93
57
91
49
82
43
69
28
14
73
34
24
78
29
100
59
56
78
69
79
96
10
4
74
20
38
61
80
17
99
37
10
40
24
18
62
41
91
32
26
100
35
94
14
46
28
25
34
16
92
17
32
26
50
79
45
70
68
11
78
53
12
22
51
69
63
14
81
45
28
14
66
97
54
49
5
22
94
27
34
51
82
92
7
17
57
59
44
40
59
57
17
64
45
51
91
41
67
19
66
76
50
76
12
55
57
55
16
34
51
76
36
76
17
20
3
80
21
46
90
100
6
8
47
80
42
13
91
76
61
11
88
56
93
4
16
22
26
56
61
57
19
67
57
33
68
100
74
41
98
86
64
53
28
21
7
64
30
66
96
91
60
87
85
50
39
52
81
38
68
23
60
9
93
86
79
11
29
72
79
77
4
23
24
80
2
72
54
91
40
34
63
32
83
45
89
87
25
20
56
75
85
52
33
96
68
11
98
10
53
3
24
85
88
83
52
36
57
73
94
47
5
58
1
54
71
3
99
87
86
8
15
88
54
76
39
22
10
93
77
55
73
53
50
93
47
100
5
69
76
90
23
98
20
21
27
46
99
48
36
1
12
95
61
91
90
48
86
92
28
79
64
28
88
47
26
29
77
81
66
35
79
71
99
71
6
81
68
7
41
65
21
33
75
23
50
20
92
47
99