9514490
824012
4052382
5941845
6758068
5249218
7916113
8176194
6043428
9333601
9619756
2432512
4994251
5123945
1729387
605651
332276
7902627
6986261
8501250
6190241
3988721
8688295
2675753
9601116
8562801
4648173
7439393
5024977
8148385
9328108
915834
5240810
5045312
1608780
2782212
1596861
8230312
3493557
9773959
7862280
3309815
4465316
4163053
6855762
3671757
1526986
8374303
1594242
7472338
8649059
6202657
1756596
8441836
4496134
7243074
9579012
6256650
3680406
1332002
8100556
9040322
9319294
2914599
6398806
350310
9384565
40926
9489090
8014358
4509076
3343558
8523742
8529828
53389
4577936
4515918
5657743
5655280
2355046
2645962
9862797
61570
1229491
5296613
641931
482199
8597395
2166095
3917552
6611948
3053514
1048473
1901495
7327398
514024
783218
6631626
682538
97033
5167189
8184963
5030847
8352250
6448309
2702451
7311268
3513121
6687261
5913357
2026084
8698007
4602704
7910152
5062995
7590796
8416497
6108453
9925337
6664149
2991669